[gd_scene load_steps=111 format=3 uid="uid://cha8x6ai26jg7"]

[ext_resource type="PackedScene" uid="uid://cb6teiluojgtj" path="res://new_assets/city.blend" id="1_8hg16"]
[ext_resource type="Script" path="res://new_scenes/city_indoor_scene/city_indoor_scene.gd" id="1_lp46g"]
[ext_resource type="Material" uid="uid://bhchqeutlu0os" path="res://assets/maps/holodeck/materials/floor.material" id="2_5q0vk"]
[ext_resource type="PackedScene" uid="uid://diyu06cw06syv" path="res://addons/godot-xr-tools/player/player_body.tscn" id="3_vvr30"]
[ext_resource type="PackedScene" uid="uid://ct3p5sgwvkmva" path="res://assets/meshes/control_pad/control_pad.tscn" id="4_yxqe3"]
[ext_resource type="PackedScene" uid="uid://bdwmserhqai5h" path="res://addons/godot-xr-tools/hands/scenes/lowpoly/left_physics_hand_low.tscn" id="5_xbt5x"]
[ext_resource type="PackedScene" uid="uid://bjcxf427un2wp" path="res://addons/godot-xr-tools/player/poke/poke.tscn" id="6_x02gg"]
[ext_resource type="Animation" uid="uid://dgfeikrugfewi" path="res://addons/godot-xr-tools/hands/animations/left/Cup.res" id="7_lycly"]
[ext_resource type="Animation" uid="uid://dlxa6f6hwurka" path="res://addons/godot-xr-tools/hands/animations/left/Default pose.res" id="8_0k0go"]
[ext_resource type="Animation" uid="uid://plad1r85f7ws" path="res://addons/godot-xr-tools/hands/animations/left/Grip.res" id="9_ylke3"]
[ext_resource type="Animation" uid="uid://dqa0h82y3qn1t" path="res://addons/godot-xr-tools/hands/animations/left/Grip 1.res" id="10_illso"]
[ext_resource type="Animation" uid="uid://di384xtde8ydf" path="res://addons/godot-xr-tools/hands/animations/left/Grip 2.res" id="11_uymbm"]
[ext_resource type="Animation" uid="uid://dd67rufxwj2u" path="res://addons/godot-xr-tools/hands/animations/left/Grip 3.res" id="12_2ejry"]
[ext_resource type="Animation" uid="uid://db62hs5s4n2b3" path="res://addons/godot-xr-tools/hands/animations/left/Grip 4.res" id="13_y8jmh"]
[ext_resource type="Animation" uid="uid://bediglpx0rj7i" path="res://addons/godot-xr-tools/hands/animations/left/Grip 5.res" id="14_o1v4h"]
[ext_resource type="Animation" uid="uid://nq3xh1olqipq" path="res://addons/godot-xr-tools/hands/animations/left/Grip Shaft.res" id="15_ofihl"]
[ext_resource type="Animation" uid="uid://bi1l6lre2w2lp" path="res://addons/godot-xr-tools/hands/animations/left/Hold.res" id="16_qkdih"]
[ext_resource type="Animation" uid="uid://c3e6h0rv2uw2d" path="res://addons/godot-xr-tools/hands/animations/left/Horns.res" id="17_le10a"]
[ext_resource type="Animation" uid="uid://dfekure1r6q13" path="res://addons/godot-xr-tools/hands/animations/left/Metal.res" id="18_almif"]
[ext_resource type="Animation" uid="uid://b0rhk4r0r0t32" path="res://addons/godot-xr-tools/hands/animations/left/Middle.res" id="19_l4ue8"]
[ext_resource type="Animation" uid="uid://f5k0gh4qnmv5" path="res://addons/godot-xr-tools/hands/animations/left/OK.res" id="20_7vd87"]
[ext_resource type="Animation" uid="uid://1nlkfvitq7ku" path="res://addons/godot-xr-tools/hands/animations/left/Peace.res" id="21_nda3l"]
[ext_resource type="Animation" uid="uid://dhjb0e334tfwl" path="res://addons/godot-xr-tools/hands/animations/left/Pinch Flat.res" id="22_qkg76"]
[ext_resource type="Animation" uid="uid://dkjsnihi81b7p" path="res://addons/godot-xr-tools/hands/animations/left/Pinch Large.res" id="23_atdnl"]
[ext_resource type="Animation" uid="uid://bn0fdhe2jwq3h" path="res://addons/godot-xr-tools/hands/animations/left/Pinch Middle.res" id="24_56bte"]
[ext_resource type="Animation" uid="uid://bo1b8w0s4ci81" path="res://addons/godot-xr-tools/hands/animations/left/Pinch Ring.res" id="25_st71b"]
[ext_resource type="Animation" uid="uid://m5x2m8x3tcel" path="res://addons/godot-xr-tools/hands/animations/left/Pinch Tight.res" id="26_es2i2"]
[ext_resource type="Animation" uid="uid://fi23m6i7orhw" path="res://addons/godot-xr-tools/hands/animations/left/Pinch Up.res" id="27_cwdrb"]
[ext_resource type="Animation" uid="uid://c8qmcuyaltdnw" path="res://addons/godot-xr-tools/hands/animations/left/PingPong.res" id="28_3vjb8"]
[ext_resource type="Animation" uid="uid://bqnoubqq7ogwu" path="res://addons/godot-xr-tools/hands/animations/left/Pinky.res" id="29_lya4q"]
[ext_resource type="Animation" uid="uid://ddbo6ioa282en" path="res://addons/godot-xr-tools/hands/animations/left/Pistol.res" id="30_3wvyd"]
[ext_resource type="Animation" uid="uid://brkptjihht3ae" path="res://addons/godot-xr-tools/hands/animations/left/Ring.res" id="31_s5nwb"]
[ext_resource type="Animation" uid="uid://cnng6xumhw7cx" path="res://addons/godot-xr-tools/hands/animations/left/Rounded.res" id="32_fswk8"]
[ext_resource type="Animation" uid="uid://cevirj0eagdrq" path="res://addons/godot-xr-tools/hands/animations/left/Sign 1.res" id="33_apt67"]
[ext_resource type="Animation" uid="uid://cc6phxovf1ban" path="res://addons/godot-xr-tools/hands/animations/left/Sign 2.res" id="34_8rkcs"]
[ext_resource type="Animation" uid="uid://ohthjp8qbcc4" path="res://addons/godot-xr-tools/hands/animations/left/Sign 3.res" id="35_4wdb7"]
[ext_resource type="Animation" uid="uid://dmx42g64577g5" path="res://addons/godot-xr-tools/hands/animations/left/Sign 4.res" id="36_4706p"]
[ext_resource type="Animation" uid="uid://dhsoxntrktx0p" path="res://addons/godot-xr-tools/hands/animations/left/Sign 5.res" id="37_7wpl8"]
[ext_resource type="Animation" uid="uid://c0u2a3yc2vhg8" path="res://addons/godot-xr-tools/hands/animations/left/Sign_Point.res" id="38_5o5vu"]
[ext_resource type="Animation" uid="uid://4g211my0hoiw" path="res://addons/godot-xr-tools/hands/animations/left/Straight.res" id="39_1n02s"]
[ext_resource type="Animation" uid="uid://d06l7hygl4qt3" path="res://addons/godot-xr-tools/hands/animations/left/Surfer.res" id="40_wec3m"]
[ext_resource type="Animation" uid="uid://bxei4oebd4hu3" path="res://addons/godot-xr-tools/hands/animations/left/Thumb.res" id="41_ctinu"]
[ext_resource type="PackedScene" uid="uid://bft3xyxs31ci3" path="res://addons/godot-xr-tools/functions/function_pose_detector.tscn" id="42_qgegh"]
[ext_resource type="PackedScene" uid="uid://bl2nuu3qhlb5k" path="res://addons/godot-xr-tools/functions/movement_direct.tscn" id="43_7t6by"]
[ext_resource type="PackedScene" uid="uid://b4ysuy43poobf" path="res://addons/godot-xr-tools/functions/function_pickup.tscn" id="44_ekjnx"]
[ext_resource type="PackedScene" uid="uid://bwr0eqi231lf0" path="res://assets/meshes/control_pad/control_pad_location_left.tscn" id="45_40oah"]
[ext_resource type="PackedScene" uid="uid://btf05hjpw6k05" path="res://addons/godot-xr-tools/hands/scenes/lowpoly/right_physics_hand_low.tscn" id="46_b36wa"]
[ext_resource type="Animation" uid="uid://do01jton6rk42" path="res://addons/godot-xr-tools/hands/animations/right/Cup.res" id="47_enc8d"]
[ext_resource type="Animation" uid="uid://ky28birj4su6" path="res://addons/godot-xr-tools/hands/animations/right/Default pose.res" id="48_odyxg"]
[ext_resource type="Animation" uid="uid://ccds2u22gbxn7" path="res://addons/godot-xr-tools/hands/animations/right/Grip.res" id="49_ptmv5"]
[ext_resource type="Animation" uid="uid://daqddcrbpam0c" path="res://addons/godot-xr-tools/hands/animations/right/Grip 1.res" id="50_fbey8"]
[ext_resource type="Animation" uid="uid://r8hleealhrqt" path="res://addons/godot-xr-tools/hands/animations/right/Grip 2.res" id="51_pf6ib"]
[ext_resource type="Animation" uid="uid://rs7vpclot07o" path="res://addons/godot-xr-tools/hands/animations/right/Grip 3.res" id="52_i4yuj"]
[ext_resource type="Animation" uid="uid://d1xnpyc08njjx" path="res://addons/godot-xr-tools/hands/animations/right/Grip 4.res" id="53_ne6gl"]
[ext_resource type="Animation" uid="uid://s1vqcxyqcvea" path="res://addons/godot-xr-tools/hands/animations/right/Grip 5.res" id="54_ilqjv"]
[ext_resource type="Animation" uid="uid://c8dghcftg1thx" path="res://addons/godot-xr-tools/hands/animations/right/Grip Shaft.res" id="55_idw58"]
[ext_resource type="Animation" uid="uid://bv5tuc1kjv0k5" path="res://addons/godot-xr-tools/hands/animations/right/Hold.res" id="56_aqyu5"]
[ext_resource type="Animation" uid="uid://cdjfhqnr4n2mr" path="res://addons/godot-xr-tools/hands/animations/right/Horns.res" id="57_8igcd"]
[ext_resource type="Animation" uid="uid://b1kqsodcr1til" path="res://addons/godot-xr-tools/hands/animations/right/Metal.res" id="58_cuglt"]
[ext_resource type="Animation" uid="uid://cg6fsqb2iuuih" path="res://addons/godot-xr-tools/hands/animations/right/Middle.res" id="59_m342o"]
[ext_resource type="Animation" uid="uid://c3isimdlxg54a" path="res://addons/godot-xr-tools/hands/animations/right/OK.res" id="60_7xlgg"]
[ext_resource type="Animation" uid="uid://bxmc3vlfih764" path="res://addons/godot-xr-tools/hands/animations/right/Peace.res" id="61_6pumi"]
[ext_resource type="Animation" uid="uid://dg4v7rqiaje2h" path="res://addons/godot-xr-tools/hands/animations/right/Pinch Flat.res" id="62_vt40c"]
[ext_resource type="Animation" uid="uid://cuwwpxi44vwpm" path="res://addons/godot-xr-tools/hands/animations/right/Pinch Large.res" id="63_b13vr"]
[ext_resource type="Animation" uid="uid://c6vghurk7t5yb" path="res://addons/godot-xr-tools/hands/animations/right/Pinch Middle.res" id="64_p546j"]
[ext_resource type="Animation" uid="uid://mjotm5uukoo3" path="res://addons/godot-xr-tools/hands/animations/right/Pinch Ring.res" id="65_qicg0"]
[ext_resource type="Animation" uid="uid://ca21ej1p3g2yt" path="res://addons/godot-xr-tools/hands/animations/right/Pinch Tight.res" id="66_mralw"]
[ext_resource type="Animation" uid="uid://cseojxi8rrqc" path="res://addons/godot-xr-tools/hands/animations/right/Pinch Up.res" id="67_kcp4m"]
[ext_resource type="Animation" uid="uid://c8hn123uon74u" path="res://addons/godot-xr-tools/hands/animations/right/PingPong.res" id="68_kexsm"]
[ext_resource type="Animation" uid="uid://b6ra3rqia1gvb" path="res://addons/godot-xr-tools/hands/animations/right/Pinky.res" id="69_0oalw"]
[ext_resource type="Animation" uid="uid://csp3fdknowmi5" path="res://addons/godot-xr-tools/hands/animations/right/Pistol.res" id="70_rpsve"]
[ext_resource type="Animation" uid="uid://2ttepgvf634h" path="res://addons/godot-xr-tools/hands/animations/right/Ring.res" id="71_7rp86"]
[ext_resource type="Animation" uid="uid://wcwa3p1qrhwr" path="res://addons/godot-xr-tools/hands/animations/right/Rounded.res" id="72_istbu"]
[ext_resource type="Animation" uid="uid://bcwx6a6mhsoj2" path="res://addons/godot-xr-tools/hands/animations/right/Sign 1.res" id="73_fvu11"]
[ext_resource type="Animation" uid="uid://btnsp36fjkldf" path="res://addons/godot-xr-tools/hands/animations/right/Sign 2.res" id="74_tr5q5"]
[ext_resource type="Animation" uid="uid://c35i6glt1ov2m" path="res://addons/godot-xr-tools/hands/animations/right/Sign 3.res" id="75_3w0lu"]
[ext_resource type="Animation" uid="uid://b8mmk2ufmlyf" path="res://addons/godot-xr-tools/hands/animations/right/Sign 4.res" id="76_fk2vg"]
[ext_resource type="Animation" uid="uid://ddgl3lsnlfiny" path="res://addons/godot-xr-tools/hands/animations/right/Sign 5.res" id="77_50pi5"]
[ext_resource type="Animation" uid="uid://ccy3e7a0hvxyl" path="res://addons/godot-xr-tools/hands/animations/right/Sign_Point.res" id="78_rei0q"]
[ext_resource type="Animation" uid="uid://d3h36bkauutoq" path="res://addons/godot-xr-tools/hands/animations/right/Straight.res" id="79_edkj4"]
[ext_resource type="Animation" uid="uid://bq7cjxdn28jcv" path="res://addons/godot-xr-tools/hands/animations/right/Surfer.res" id="80_pgmk5"]
[ext_resource type="Animation" uid="uid://d2ukhr3n2r1u8" path="res://addons/godot-xr-tools/hands/animations/right/Thumb.res" id="81_2lwb6"]
[ext_resource type="PackedScene" uid="uid://b6bk2pj8vbj28" path="res://addons/godot-xr-tools/functions/movement_turn.tscn" id="82_i55of"]
[ext_resource type="PackedScene" uid="uid://deyk5frilshws" path="res://assets/meshes/control_pad/control_pad_location_right.tscn" id="83_ykw0e"]
[ext_resource type="PackedScene" uid="uid://dklmvy16am6l7" path="res://new_assets/city_kit/low_buildingA.glb" id="84_2btbh"]
[ext_resource type="PackedScene" uid="uid://djoxgjhpvuqt1" path="res://new_assets/city_kit/large_buildingA.glb" id="85_g44e8"]
[ext_resource type="PackedScene" uid="uid://bdveiy2xs0e6b" path="res://new_assets/city_kit/large_buildingC.glb" id="86_3s6gi"]
[ext_resource type="PackedScene" uid="uid://1egp20r341lt" path="res://new_assets/city_kit/skyscraperA.glb" id="87_2yk3y"]
[ext_resource type="PackedScene" uid="uid://2si7rlm7hrqg" path="res://new_assets/city_kit/skyscraperC.glb" id="88_66o1e"]
[ext_resource type="PackedScene" uid="uid://db8e4d84ewur3" path="res://new_assets/city_kit/skyscraperE.glb" id="89_afh3a"]
[ext_resource type="PackedScene" uid="uid://be6en3q4lielq" path="res://new_scenes/city_indoor_scene/spot_light_3d.tscn" id="90_pb41h"]

[sub_resource type="QuadMesh" id="QuadMesh_aiwuc"]
size = Vector2(96, 96)

[sub_resource type="BoxShape3D" id="BoxShape3D_8nj4c"]
size = Vector3(100, 0.236816, 100)

[sub_resource type="AnimationLibrary" id="AnimationLibrary_kw48d"]
_data = {
"Cup": ExtResource("7_lycly"),
"Default pose": ExtResource("8_0k0go"),
"Grip": ExtResource("9_ylke3"),
"Grip 1": ExtResource("10_illso"),
"Grip 2": ExtResource("11_uymbm"),
"Grip 3": ExtResource("12_2ejry"),
"Grip 4": ExtResource("13_y8jmh"),
"Grip 5": ExtResource("14_o1v4h"),
"Grip Shaft": ExtResource("15_ofihl"),
"Hold": ExtResource("16_qkdih"),
"Horns": ExtResource("17_le10a"),
"Metal": ExtResource("18_almif"),
"Middle": ExtResource("19_l4ue8"),
"OK": ExtResource("20_7vd87"),
"Peace": ExtResource("21_nda3l"),
"Pinch Flat": ExtResource("22_qkg76"),
"Pinch Large": ExtResource("23_atdnl"),
"Pinch Middle": ExtResource("24_56bte"),
"Pinch Ring": ExtResource("25_st71b"),
"Pinch Tight": ExtResource("26_es2i2"),
"Pinch Up": ExtResource("27_cwdrb"),
"PingPong": ExtResource("28_3vjb8"),
"Pinky": ExtResource("29_lya4q"),
"Pistol": ExtResource("30_3wvyd"),
"Ring": ExtResource("31_s5nwb"),
"Rounded": ExtResource("32_fswk8"),
"Sign 1": ExtResource("33_apt67"),
"Sign 2": ExtResource("34_8rkcs"),
"Sign 3": ExtResource("35_4wdb7"),
"Sign 4": ExtResource("36_4706p"),
"Sign 5": ExtResource("37_7wpl8"),
"Sign_Point": ExtResource("38_5o5vu"),
"Straight": ExtResource("39_1n02s"),
"Surfer": ExtResource("40_wec3m"),
"Thumb": ExtResource("41_ctinu")
}

[sub_resource type="AnimationNodeAnimation" id="AnimationNodeAnimation_enpm3"]
animation = &"Grip"

[sub_resource type="AnimationNodeAnimation" id="AnimationNodeAnimation_bflca"]
animation = &"Grip"

[sub_resource type="AnimationNodeBlend2" id="AnimationNodeBlend2_7y3yp"]
filter_enabled = true
filters = ["Armature/Skeleton3D:Little_Distal_L", "Armature/Skeleton3D:Little_Intermediate_L", "Armature/Skeleton3D:Little_Metacarpal_L", "Armature/Skeleton3D:Little_Proximal_L", "Armature/Skeleton3D:Middle_Distal_L", "Armature/Skeleton3D:Middle_Intermediate_L", "Armature/Skeleton3D:Middle_Metacarpal_L", "Armature/Skeleton3D:Middle_Proximal_L", "Armature/Skeleton3D:Ring_Distal_L", "Armature/Skeleton3D:Ring_Intermediate_L", "Armature/Skeleton3D:Ring_Metacarpal_L", "Armature/Skeleton3D:Ring_Proximal_L", "Armature/Skeleton3D:Thumb_Distal_L", "Armature/Skeleton3D:Thumb_Metacarpal_L", "Armature/Skeleton3D:Thumb_Proximal_L", "Armature/Skeleton:Little_Distal_L", "Armature/Skeleton:Little_Intermediate_L", "Armature/Skeleton:Little_Proximal_L", "Armature/Skeleton:Middle_Distal_L", "Armature/Skeleton:Middle_Intermediate_L", "Armature/Skeleton:Middle_Proximal_L", "Armature/Skeleton:Ring_Distal_L", "Armature/Skeleton:Ring_Intermediate_L", "Armature/Skeleton:Ring_Proximal_L", "Armature/Skeleton:Thumb_Distal_L", "Armature/Skeleton:Thumb_Proximal_L"]

[sub_resource type="AnimationNodeAnimation" id="AnimationNodeAnimation_xj5x1"]
animation = &"Grip 5"

[sub_resource type="AnimationNodeBlend2" id="AnimationNodeBlend2_xrb6u"]
filter_enabled = true
filters = ["Armature/Skeleton3D:Index_Distal_L", "Armature/Skeleton3D:Index_Intermediate_L", "Armature/Skeleton3D:Index_Metacarpal_L", "Armature/Skeleton3D:Index_Proximal_L", "Armature/Skeleton:Index_Distal_L", "Armature/Skeleton:Index_Intermediate_L", "Armature/Skeleton:Index_Proximal_L"]

[sub_resource type="AnimationNodeBlendTree" id="AnimationNodeBlendTree_jak73"]
graph_offset = Vector2(-536, 11)
nodes/ClosedHand1/node = SubResource("AnimationNodeAnimation_enpm3")
nodes/ClosedHand1/position = Vector2(-600, 300)
nodes/ClosedHand2/node = SubResource("AnimationNodeAnimation_bflca")
nodes/ClosedHand2/position = Vector2(-360, 300)
nodes/Grip/node = SubResource("AnimationNodeBlend2_7y3yp")
nodes/Grip/position = Vector2(0, 20)
nodes/OpenHand/node = SubResource("AnimationNodeAnimation_xj5x1")
nodes/OpenHand/position = Vector2(-600, 100)
nodes/Trigger/node = SubResource("AnimationNodeBlend2_xrb6u")
nodes/Trigger/position = Vector2(-360, 20)
node_connections = [&"Grip", 0, &"Trigger", &"Grip", 1, &"ClosedHand2", &"Trigger", 0, &"OpenHand", &"Trigger", 1, &"ClosedHand1", &"output", 0, &"Grip"]

[sub_resource type="AnimationLibrary" id="AnimationLibrary_reqae"]
_data = {
"Cup": ExtResource("47_enc8d"),
"Default pose": ExtResource("48_odyxg"),
"Grip": ExtResource("49_ptmv5"),
"Grip 1": ExtResource("50_fbey8"),
"Grip 2": ExtResource("51_pf6ib"),
"Grip 3": ExtResource("52_i4yuj"),
"Grip 4": ExtResource("53_ne6gl"),
"Grip 5": ExtResource("54_ilqjv"),
"Grip Shaft": ExtResource("55_idw58"),
"Hold": ExtResource("56_aqyu5"),
"Horns": ExtResource("57_8igcd"),
"Metal": ExtResource("58_cuglt"),
"Middle": ExtResource("59_m342o"),
"OK": ExtResource("60_7xlgg"),
"Peace": ExtResource("61_6pumi"),
"Pinch Flat": ExtResource("62_vt40c"),
"Pinch Large": ExtResource("63_b13vr"),
"Pinch Middle": ExtResource("64_p546j"),
"Pinch Ring": ExtResource("65_qicg0"),
"Pinch Tight": ExtResource("66_mralw"),
"Pinch Up": ExtResource("67_kcp4m"),
"PingPong": ExtResource("68_kexsm"),
"Pinky": ExtResource("69_0oalw"),
"Pistol": ExtResource("70_rpsve"),
"Ring": ExtResource("71_7rp86"),
"Rounded": ExtResource("72_istbu"),
"Sign 1": ExtResource("73_fvu11"),
"Sign 2": ExtResource("74_tr5q5"),
"Sign 3": ExtResource("75_3w0lu"),
"Sign 4": ExtResource("76_fk2vg"),
"Sign 5": ExtResource("77_50pi5"),
"Sign_Point": ExtResource("78_rei0q"),
"Straight": ExtResource("79_edkj4"),
"Surfer": ExtResource("80_pgmk5"),
"Thumb": ExtResource("81_2lwb6")
}

[sub_resource type="AnimationNodeAnimation" id="AnimationNodeAnimation_svkm5"]
animation = &"Grip"

[sub_resource type="AnimationNodeAnimation" id="AnimationNodeAnimation_smfnr"]
animation = &"Grip"

[sub_resource type="AnimationNodeBlend2" id="AnimationNodeBlend2_m3nxr"]
filter_enabled = true
filters = ["Armature/Skeleton3D:Little_Distal_R", "Armature/Skeleton3D:Little_Intermediate_R", "Armature/Skeleton3D:Little_Metacarpal_R", "Armature/Skeleton3D:Little_Proximal_R", "Armature/Skeleton3D:Middle_Distal_R", "Armature/Skeleton3D:Middle_Intermediate_R", "Armature/Skeleton3D:Middle_Metacarpal_R", "Armature/Skeleton3D:Middle_Proximal_R", "Armature/Skeleton3D:Ring_Distal_R", "Armature/Skeleton3D:Ring_Intermediate_R", "Armature/Skeleton3D:Ring_Metacarpal_R", "Armature/Skeleton3D:Ring_Proximal_R", "Armature/Skeleton3D:Thumb_Distal_R", "Armature/Skeleton3D:Thumb_Metacarpal_R", "Armature/Skeleton3D:Thumb_Proximal_R", "Armature/Skeleton:Little_Distal_R", "Armature/Skeleton:Little_Intermediate_R", "Armature/Skeleton:Little_Proximal_R", "Armature/Skeleton:Middle_Distal_R", "Armature/Skeleton:Middle_Intermediate_R", "Armature/Skeleton:Middle_Proximal_R", "Armature/Skeleton:Ring_Distal_R", "Armature/Skeleton:Ring_Intermediate_R", "Armature/Skeleton:Ring_Proximal_R", "Armature/Skeleton:Thumb_Distal_R", "Armature/Skeleton:Thumb_Proximal_R"]

[sub_resource type="AnimationNodeAnimation" id="AnimationNodeAnimation_wx5j5"]
animation = &"Grip 5"

[sub_resource type="AnimationNodeBlend2" id="AnimationNodeBlend2_j7l15"]
filter_enabled = true
filters = ["Armature/Skeleton3D:Index_Distal_R", "Armature/Skeleton3D:Index_Intermediate_R", "Armature/Skeleton3D:Index_Metacarpal_R", "Armature/Skeleton3D:Index_Proximal_R", "Armature/Skeleton:Index_Distal_R", "Armature/Skeleton:Index_Intermediate_R", "Armature/Skeleton:Index_Proximal_R"]

[sub_resource type="AnimationNodeBlendTree" id="AnimationNodeBlendTree_echy8"]
graph_offset = Vector2(-552.664, 107.301)
nodes/ClosedHand1/node = SubResource("AnimationNodeAnimation_svkm5")
nodes/ClosedHand1/position = Vector2(-600, 300)
nodes/ClosedHand2/node = SubResource("AnimationNodeAnimation_smfnr")
nodes/ClosedHand2/position = Vector2(-360, 300)
nodes/Grip/node = SubResource("AnimationNodeBlend2_m3nxr")
nodes/Grip/position = Vector2(0, 40)
nodes/OpenHand/node = SubResource("AnimationNodeAnimation_wx5j5")
nodes/OpenHand/position = Vector2(-600, 100)
nodes/Trigger/node = SubResource("AnimationNodeBlend2_j7l15")
nodes/Trigger/position = Vector2(-360, 40)
node_connections = [&"Grip", 0, &"Trigger", &"Grip", 1, &"ClosedHand2", &"Trigger", 0, &"OpenHand", &"Trigger", 1, &"ClosedHand1", &"output", 0, &"Grip"]

[sub_resource type="ProceduralSkyMaterial" id="ProceduralSkyMaterial_oku6d"]
sky_top_color = Color(0, 0.2, 0.341176, 1)
sky_horizon_color = Color(0.572549, 0.215686, 0.164706, 1)
sky_curve = 0.0749999
ground_horizon_color = Color(0.572549, 0.215686, 0.164706, 1)
ground_curve = 0.0386375
sun_angle_max = 31.56

[sub_resource type="Sky" id="Sky_gso2g"]
sky_material = SubResource("ProceduralSkyMaterial_oku6d")
process_mode = 3

[sub_resource type="Environment" id="Environment_d32i7"]
background_mode = 2
background_color = Color(0.957627, 0.955773, 0.998554, 1)
sky = SubResource("Sky_gso2g")
ssao_enabled = true
ssao_radius = 0.87
ssil_enabled = true
sdfgi_read_sky_light = false
glow_enabled = true
fog_light_energy = 0.68
fog_sky_affect = 0.0
fog_height = -573.44
volumetric_fog_enabled = true
volumetric_fog_density = 0.0059
volumetric_fog_sky_affect = 0.0

[node name="CityIndoorScene" type="Node3D"]
script = ExtResource("1_lp46g")

[node name="city" parent="." instance=ExtResource("1_8hg16")]

[node name="Ground" type="StaticBody3D" parent="."]

[node name="MeshInstance3D" type="MeshInstance3D" parent="Ground"]
transform = Transform3D(1, 0, 0, 0, -4.37114e-08, 1, 0, -1, -4.37114e-08, 0, 0, 0)
visible = false
layers = 3
mesh = SubResource("QuadMesh_aiwuc")
surface_material_override/0 = ExtResource("2_5q0vk")

[node name="CollisionShape3D" type="CollisionShape3D" parent="Ground"]
transform = Transform3D(0.1, 0, 0, 0, 1.5, 0, 0, 0, 0.1, 0, -0.118408, 0)
shape = SubResource("BoxShape3D_8nj4c")

[node name="XROrigin3D" type="XROrigin3D" parent="."]

[node name="XRCamera3D" type="XRCamera3D" parent="XROrigin3D"]
transform = Transform3D(1, 0, 0, 0, 1, 0, 0, 0, 1, 0, 1.59272, 0)
current = true
far = 300.0

[node name="PlayerBody" parent="XROrigin3D" instance=ExtResource("3_vvr30")]

[node name="ControlPad" parent="XROrigin3D" instance=ExtResource("4_yxqe3")]

[node name="LeftHand" type="XRController3D" parent="XROrigin3D"]
transform = Transform3D(1, 0, 0, 0, 1, 0, 0, 0, 1, -0.5, 0.792718, -0.5)
tracker = &"left_hand"
pose = &"aim"

[node name="LeftPhysicsHand" parent="XROrigin3D/LeftHand" instance=ExtResource("5_xbt5x")]

[node name="Skeleton3D" parent="XROrigin3D/LeftHand/LeftPhysicsHand/Hand_Nails_low_L/Armature" index="0"]
bones/0/rotation = Quaternion(-0.706517, 6.47275e-06, 6.47275e-06, 0.707696)
bones/0/scale = Vector3(1, 1, 1)
bones/1/rotation = Quaternion(0.323537, -2.56577e-05, -0.0272204, 0.945824)
bones/2/rotation = Quaternion(-0.0904441, -0.0415175, -0.166293, 0.981042)
bones/3/rotation = Quaternion(-0.0466199, 0.020971, 0.0103276, 0.998639)
bones/4/rotation = Quaternion(-0.0757687, -0.019257, -0.0337124, 0.996369)
bones/4/scale = Vector3(1, 1, 1)
bones/5/rotation = Quaternion(-0.00128455, -0.0116081, -0.0168259, 0.99979)
bones/5/scale = Vector3(1, 1, 1)
bones/6/rotation = Quaternion(0.102925, -0.00993208, -0.00794417, 0.994608)
bones/7/rotation = Quaternion(-0.012859, -0.0236108, -0.323258, 0.945929)
bones/7/scale = Vector3(1, 1, 1)
bones/8/rotation = Quaternion(0.0120575, -0.00929194, -0.247472, 0.968775)
bones/9/rotation = Quaternion(-0.0522884, -0.000557213, 0.103621, 0.993241)
bones/10/rotation = Quaternion(-0.0357539, -0.000400032, 0.00636764, 0.99934)
bones/11/rotation = Quaternion(-0.00264964, -0.00114471, -0.125992, 0.992027)
bones/12/rotation = Quaternion(0.0394225, 0.00193393, -0.228074, 0.972843)
bones/13/rotation = Quaternion(-0.0123395, -0.00881294, -0.280669, 0.959685)
bones/14/rotation = Quaternion(0.0136882, 7.99237e-05, 0.168411, 0.985622)
bones/14/scale = Vector3(1, 1, 1)
bones/15/rotation = Quaternion(-0.0702656, 0.0101908, -0.0243307, 0.99718)
bones/16/rotation = Quaternion(-0.0320634, -0.00223624, -0.0686366, 0.997124)
bones/16/scale = Vector3(1, 1, 1)
bones/17/rotation = Quaternion(0.0253452, 0.00812462, -0.249005, 0.968136)
bones/17/scale = Vector3(1, 1, 1)
bones/18/rotation = Quaternion(0.00252232, 0.00788073, -0.243204, 0.96994)
bones/18/scale = Vector3(1, 1, 1)
bones/19/rotation = Quaternion(0.0330517, -0.00671975, 0.126351, 0.991412)
bones/19/scale = Vector3(1, 1, 1)
bones/20/rotation = Quaternion(-0.0917369, 0.0203027, -0.010183, 0.995524)
bones/20/scale = Vector3(1, 1, 1)
bones/21/rotation = Quaternion(-0.0625182, -0.00022572, -0.115393, 0.991351)
bones/21/scale = Vector3(1, 1, 1)
bones/22/rotation = Quaternion(0.0585786, 0.0216483, -0.269905, 0.96086)
bones/23/rotation = Quaternion(0.00687177, -0.00357275, -0.211953, 0.977249)
bones/23/scale = Vector3(1, 1, 1)
bones/24/rotation = Quaternion(0.0158363, -0.0193397, 0.153777, 0.987789)

[node name="BoneRoot" parent="XROrigin3D/LeftHand/LeftPhysicsHand/Hand_Nails_low_L/Armature/Skeleton3D" index="1"]
transform = Transform3D(1, -1.83077e-05, 1.52631e-08, 1.52631e-08, 0.00166744, 0.999999, -1.83077e-05, -0.999999, 0.00166744, 3.86425e-08, -1.86975e-05, 0.0271756)

[node name="BoneThumbMetacarpal" parent="XROrigin3D/LeftHand/LeftPhysicsHand/Hand_Nails_low_L/Armature/Skeleton3D" index="2"]
transform = Transform3D(0.998519, 0.0514604, -0.0176509, -0.0176509, 0.613334, 0.789626, 0.0514604, -0.788145, 0.613334, 0.00999954, 0.0200266, 3.59248e-05)

[node name="BoneThumbProximal" parent="XROrigin3D/LeftHand/LeftPhysicsHand/Hand_Nails_low_L/Armature/Skeleton3D" index="3"]
transform = Transform3D(0.921479, 0.383958, -0.0587628, -0.124052, 0.434264, 0.892203, 0.368087, -0.814856, 0.447796, 0.012311, 0.0475754, -0.0353648)

[node name="BoneThumbDistal" parent="XROrigin3D/LeftHand/LeftPhysicsHand/Hand_Nails_low_L/Armature/Skeleton3D" index="4"]
transform = Transform3D(0.930159, 0.366844, 0.0151708, -0.154036, 0.352396, 0.923087, 0.333283, -0.860954, 0.384292, 0.028494, 0.0658787, -0.0697093)

[node name="BoneIndexMetacarpal" parent="XROrigin3D/LeftHand/LeftPhysicsHand/Hand_Nails_low_L/Armature/Skeleton3D" index="5"]
transform = Transform3D(0.999165, 0.0336562, -0.0231681, 0.0231985, -0.000511427, 0.999731, 0.0336353, -0.999433, -0.00129177, -0.0100005, 0.0224317, 3.59192e-05)

[node name="BoneIndexProximal" parent="XROrigin3D/LeftHand/LeftPhysicsHand/Hand_Nails_low_L/Armature/Skeleton3D" index="6"]
transform = Transform3D(0.997821, 0.0419385, -0.0509326, 0.041317, 0.204661, 0.97796, 0.0514381, -0.977934, 0.202482, -0.00729559, 0.0223906, -0.0802861)

[node name="BoneIndexMiddle" parent="XROrigin3D/LeftHand/LeftPhysicsHand/Hand_Nails_low_L/Armature/Skeleton3D" index="7"]
transform = Transform3D(0.759851, 0.644453, -0.0854741, -0.0405879, 0.178251, 0.983148, 0.648829, -0.743577, 0.161601, -0.00569705, 0.0301916, -0.117561)

[node name="BoneIndexDistal" parent="XROrigin3D/LeftHand/LeftPhysicsHand/Hand_Nails_low_L/Armature/Skeleton3D" index="8"]
transform = Transform3D(0.356468, 0.927111, -0.115741, -0.109286, 0.164404, 0.98032, 0.927894, -0.336804, 0.159925, 0.0145038, 0.035779, -0.140869)

[node name="BoneMiddleMetacarpal" parent="XROrigin3D/LeftHand/LeftPhysicsHand/Hand_Nails_low_L/Armature/Skeleton3D" index="9"]
transform = Transform3D(0.999918, -0.0127165, -0.00125617, 0.000365485, -0.0698025, 0.997561, -0.0127732, -0.99748, -0.0697922, -0.0100005, 0.00355415, 3.59267e-05)

[node name="BoneMiddleProximal" parent="XROrigin3D/LeftHand/LeftPhysicsHand/Hand_Nails_low_L/Armature/Skeleton3D" index="10"]
transform = Transform3D(0.971345, 0.237654, -0.00293004, 0.020734, -0.0724506, 0.997156, 0.236766, -0.968644, -0.075302, -0.0110237, -0.00206239, -0.0802245)

[node name="BoneMiddleMiddle" parent="XROrigin3D/LeftHand/LeftPhysicsHand/Hand_Nails_low_L/Armature/Skeleton3D" index="11"]
transform = Transform3D(0.764922, 0.643161, -0.0351718, 0.0290329, 0.0201223, 0.999376, 0.643468, -0.765466, -0.00328089, -0.000328456, -0.00532291, -0.123817)

[node name="BoneMiddleDistal" parent="XROrigin3D/LeftHand/LeftPhysicsHand/Hand_Nails_low_L/Armature/Skeleton3D" index="12"]
transform = Transform3D(0.297115, 0.95453, -0.0243818, 0.0374456, 0.0138672, 0.999202, 0.954107, -0.297791, -0.0316229, 0.0205207, -0.00467061, -0.148631)

[node name="BoneRingMetacarpal" parent="XROrigin3D/LeftHand/LeftPhysicsHand/Hand_Nails_low_L/Armature/Skeleton3D" index="13"]
transform = Transform3D(0.998609, 0.047074, 0.0237409, -0.0169882, -0.138981, 0.990149, 0.0499098, -0.989175, -0.137988, -0.0100005, -0.0130734, 3.59323e-05)

[node name="BoneRingProximal" parent="XROrigin3D/LeftHand/LeftPhysicsHand/Hand_Nails_low_L/Armature/Skeleton3D" index="14"]
transform = Transform3D(0.982964, 0.181854, 0.0266582, 0.0109494, -0.202723, 0.979175, 0.183471, -0.962202, -0.20126, -0.00651963, -0.0233503, -0.0731075)

[node name="BoneRingMiddle" parent="XROrigin3D/LeftHand/LeftPhysicsHand/Hand_Nails_low_L/Armature/Skeleton3D" index="15"]
transform = Transform3D(0.772579, 0.634603, 0.0200164, 0.0794846, -0.127948, 0.98859, 0.629924, -0.762173, -0.149291, 0.000778394, -0.0314858, -0.111722)

[node name="BoneRingDistal" parent="XROrigin3D/LeftHand/LeftPhysicsHand/Hand_Nails_low_L/Armature/Skeleton3D" index="16"]
transform = Transform3D(0.381387, 0.924068, 0.025339, 0.114105, -0.07426, 0.990689, 0.917346, -0.374945, -0.133763, 0.0184188, -0.0350424, -0.132908)

[node name="BonePinkyMetacarpal" parent="XROrigin3D/LeftHand/LeftPhysicsHand/Hand_Nails_low_L/Armature/Skeleton3D" index="17"]
transform = Transform3D(0.998969, 0.0165318, 0.0422887, -0.0385953, -0.181427, 0.982647, 0.0239172, -0.983265, -0.180602, -4.58211e-07, -0.0299734, 3.59379e-05)

[node name="BonePinkyProximal" parent="XROrigin3D/LeftHand/LeftPhysicsHand/Hand_Nails_low_L/Armature/Skeleton3D" index="18"]
transform = Transform3D(0.969212, 0.239304, 0.0579745, 0.0185536, -0.305761, 0.951927, 0.245527, -0.921544, -0.300787, 0.00108587, -0.0418952, -0.0645756)

[node name="BonePinkyMiddle" parent="XROrigin3D/LeftHand/LeftPhysicsHand/Hand_Nails_low_L/Armature/Skeleton3D" index="19"]
transform = Transform3D(0.699331, 0.713816, 0.0374602, 0.103947, -0.153407, 0.982681, 0.7072, -0.683325, -0.181482, 0.00901247, -0.0520231, -0.0951004)

[node name="BonePinkyDistal" parent="XROrigin3D/LeftHand/LeftPhysicsHand/Hand_Nails_low_L/Armature/Skeleton3D" index="20"]
transform = Transform3D(0.340891, 0.939844, 0.0220291, 0.162163, -0.0818671, 0.983362, 0.926011, -0.331647, -0.180315, 0.0218786, -0.0547882, -0.107417)

[node name="BoneAttachment3D" type="BoneAttachment3D" parent="XROrigin3D/LeftHand/LeftPhysicsHand/Hand_Nails_low_L/Armature/Skeleton3D" index="21"]
transform = Transform3D(0.54083, 0.840813, -0.0231736, -0.0826264, 0.0805241, 0.993322, 0.837064, -0.535304, 0.113023, 0.039902, 0.0402828, -0.150096)
bone_name = "Index_Tip_L"
bone_idx = 9

[node name="Poke" parent="XROrigin3D/LeftHand/LeftPhysicsHand/Hand_Nails_low_L/Armature/Skeleton3D/BoneAttachment3D" instance=ExtResource("6_x02gg")]
layer = 0
mask = 4194304
push_bodies = false

[node name="AnimationTree" parent="XROrigin3D/LeftHand/LeftPhysicsHand" index="1"]
root_node = NodePath("../Hand_Nails_low_L")
libraries = {
"": SubResource("AnimationLibrary_kw48d")
}
tree_root = SubResource("AnimationNodeBlendTree_jak73")

[node name="FunctionPoseDetector" parent="XROrigin3D/LeftHand" instance=ExtResource("42_qgegh")]

[node name="MovementDirect" parent="XROrigin3D/LeftHand" instance=ExtResource("43_7t6by")]
strafe = true

[node name="FunctionPickup" parent="XROrigin3D/LeftHand" instance=ExtResource("44_ekjnx")]
ranged_enable = false

[node name="ControlPadLocationLeft" parent="XROrigin3D/LeftHand" instance=ExtResource("45_40oah")]

[node name="RightHand" type="XRController3D" parent="XROrigin3D"]
transform = Transform3D(1, 0, 0, 0, 1, 0, 0, 0, 1, 0.5, 0.792718, -0.5)
tracker = &"right_hand"
pose = &"aim"

[node name="RightPhysicsHand" parent="XROrigin3D/RightHand" instance=ExtResource("46_b36wa")]

[node name="Skeleton3D" parent="XROrigin3D/RightHand/RightPhysicsHand/Hand_Nails_low_R/Armature" index="0"]
bones/0/rotation = Quaternion(-0.706517, -6.47275e-06, -6.47275e-06, 0.707696)
bones/0/scale = Vector3(1, 1, 1)
bones/1/rotation = Quaternion(0.323537, 2.56577e-05, 0.0272204, 0.945824)
bones/2/rotation = Quaternion(-0.0904441, 0.0415175, 0.166293, 0.981042)
bones/3/rotation = Quaternion(-0.0466199, -0.020971, -0.0103276, 0.998639)
bones/4/rotation = Quaternion(-0.0757687, 0.019257, 0.0337124, 0.996369)
bones/4/scale = Vector3(1, 1, 1)
bones/5/rotation = Quaternion(-0.00128455, 0.0116081, 0.0168259, 0.99979)
bones/5/scale = Vector3(1, 1, 1)
bones/6/rotation = Quaternion(0.102925, 0.00993208, 0.00794419, 0.994608)
bones/7/rotation = Quaternion(-0.012859, 0.0236108, 0.323258, 0.945929)
bones/7/scale = Vector3(1, 1, 1)
bones/8/rotation = Quaternion(0.0120575, 0.00929193, 0.247472, 0.968775)
bones/9/rotation = Quaternion(-0.0522884, 0.000557213, -0.103621, 0.993241)
bones/10/rotation = Quaternion(-0.0357539, 0.000400032, -0.00636763, 0.99934)
bones/11/rotation = Quaternion(-0.00264964, 0.00114471, 0.125992, 0.992027)
bones/12/rotation = Quaternion(0.0394225, -0.00193393, 0.228074, 0.972843)
bones/13/rotation = Quaternion(-0.0123395, 0.00881294, 0.280669, 0.959685)
bones/14/rotation = Quaternion(0.0136882, -7.99237e-05, -0.168411, 0.985622)
bones/14/scale = Vector3(1, 1, 1)
bones/15/rotation = Quaternion(-0.0702656, -0.0101908, 0.0243307, 0.99718)
bones/16/rotation = Quaternion(-0.0320634, 0.00223624, 0.0686366, 0.997124)
bones/16/scale = Vector3(1, 1, 1)
bones/17/rotation = Quaternion(0.0253452, -0.00812462, 0.249005, 0.968136)
bones/17/scale = Vector3(1, 1, 1)
bones/18/rotation = Quaternion(0.00252233, -0.00788073, 0.243204, 0.96994)
bones/18/scale = Vector3(1, 1, 1)
bones/19/rotation = Quaternion(0.0330517, 0.00671975, -0.126351, 0.991412)
bones/19/scale = Vector3(1, 1, 1)
bones/20/rotation = Quaternion(-0.0917369, -0.0203027, 0.010183, 0.995524)
bones/20/scale = Vector3(1, 1, 1)
bones/21/rotation = Quaternion(-0.0625182, 0.000225721, 0.115393, 0.991351)
bones/21/scale = Vector3(1, 1, 1)
bones/22/rotation = Quaternion(0.0585786, -0.0216483, 0.269905, 0.96086)
bones/23/rotation = Quaternion(0.00687177, 0.00357275, 0.211953, 0.977249)
bones/23/scale = Vector3(1, 1, 1)
bones/24/rotation = Quaternion(0.0158363, 0.0193397, -0.153777, 0.987789)

[node name="BoneRoot" parent="XROrigin3D/RightHand/RightPhysicsHand/Hand_Nails_low_R/Armature/Skeleton3D" index="1"]
transform = Transform3D(1, 1.83077e-05, -1.52631e-08, -1.52631e-08, 0.00166744, 0.999999, 1.83077e-05, -0.999999, 0.00166744, -3.86425e-08, -1.86975e-05, 0.0271756)

[node name="BoneThumbMetacarpal" parent="XROrigin3D/RightHand/RightPhysicsHand/Hand_Nails_low_R/Armature/Skeleton3D" index="2"]
transform = Transform3D(0.998519, -0.0514604, 0.0176509, 0.0176509, 0.613334, 0.789626, -0.0514604, -0.788145, 0.613334, -0.00999954, 0.0200266, 3.59248e-05)

[node name="BoneThumbProximal" parent="XROrigin3D/RightHand/RightPhysicsHand/Hand_Nails_low_R/Armature/Skeleton3D" index="3"]
transform = Transform3D(0.921479, -0.383958, 0.0587628, 0.124052, 0.434264, 0.892203, -0.368087, -0.814856, 0.447796, -0.012311, 0.0475754, -0.0353648)

[node name="BoneThumbDistal" parent="XROrigin3D/RightHand/RightPhysicsHand/Hand_Nails_low_R/Armature/Skeleton3D" index="4"]
transform = Transform3D(0.930159, -0.366844, -0.0151708, 0.154036, 0.352396, 0.923087, -0.333283, -0.860954, 0.384292, -0.028494, 0.0658787, -0.0697093)

[node name="BoneIndexMetacarpal" parent="XROrigin3D/RightHand/RightPhysicsHand/Hand_Nails_low_R/Armature/Skeleton3D" index="5"]
transform = Transform3D(0.999165, -0.0336562, 0.0231681, -0.0231985, -0.000511427, 0.999731, -0.0336353, -0.999433, -0.00129177, 0.0100005, 0.0224317, 3.59192e-05)

[node name="BoneIndexProximal" parent="XROrigin3D/RightHand/RightPhysicsHand/Hand_Nails_low_R/Armature/Skeleton3D" index="6"]
transform = Transform3D(0.997821, -0.0419385, 0.0509327, -0.041317, 0.204661, 0.97796, -0.0514381, -0.977934, 0.202482, 0.00729559, 0.0223906, -0.0802861)

[node name="BoneIndexMiddle" parent="XROrigin3D/RightHand/RightPhysicsHand/Hand_Nails_low_R/Armature/Skeleton3D" index="7"]
transform = Transform3D(0.759851, -0.644454, 0.0854741, 0.0405879, 0.178251, 0.983148, -0.648829, -0.743577, 0.161601, 0.00569705, 0.0301916, -0.117561)

[node name="BoneIndexDistal" parent="XROrigin3D/RightHand/RightPhysicsHand/Hand_Nails_low_R/Armature/Skeleton3D" index="8"]
transform = Transform3D(0.356467, -0.927111, 0.115741, 0.109286, 0.164403, 0.98032, -0.927894, -0.336803, 0.159925, -0.0145038, 0.035779, -0.140869)

[node name="BoneMiddleMetacarpal" parent="XROrigin3D/RightHand/RightPhysicsHand/Hand_Nails_low_R/Armature/Skeleton3D" index="9"]
transform = Transform3D(0.999918, 0.0127165, 0.00125617, -0.000365486, -0.0698025, 0.997561, 0.0127732, -0.99748, -0.0697922, 0.0100005, 0.00355415, 3.59267e-05)

[node name="BoneMiddleProximal" parent="XROrigin3D/RightHand/RightPhysicsHand/Hand_Nails_low_R/Armature/Skeleton3D" index="10"]
transform = Transform3D(0.971345, -0.237654, 0.00293004, -0.020734, -0.0724506, 0.997156, -0.236766, -0.968644, -0.075302, 0.0110237, -0.00206239, -0.0802245)

[node name="BoneMiddleMiddle" parent="XROrigin3D/RightHand/RightPhysicsHand/Hand_Nails_low_R/Armature/Skeleton3D" index="11"]
transform = Transform3D(0.764922, -0.643162, 0.0351718, -0.0290329, 0.0201223, 0.999376, -0.643468, -0.765466, -0.00328089, 0.00032845, -0.00532291, -0.123817)

[node name="BoneMiddleDistal" parent="XROrigin3D/RightHand/RightPhysicsHand/Hand_Nails_low_R/Armature/Skeleton3D" index="12"]
transform = Transform3D(0.297115, -0.95453, 0.0243818, -0.0374456, 0.0138672, 0.999202, -0.954107, -0.297791, -0.0316229, -0.0205207, -0.00467061, -0.148631)

[node name="BoneRingMetacarpal" parent="XROrigin3D/RightHand/RightPhysicsHand/Hand_Nails_low_R/Armature/Skeleton3D" index="13"]
transform = Transform3D(0.998609, -0.047074, -0.0237409, 0.0169882, -0.138981, 0.990149, -0.0499098, -0.989175, -0.137988, 0.0100005, -0.0130734, 3.59323e-05)

[node name="BoneRingProximal" parent="XROrigin3D/RightHand/RightPhysicsHand/Hand_Nails_low_R/Armature/Skeleton3D" index="14"]
transform = Transform3D(0.982964, -0.181854, -0.0266582, -0.0109494, -0.202723, 0.979175, -0.183471, -0.962202, -0.20126, 0.00651963, -0.0233503, -0.0731075)

[node name="BoneRingMiddle" parent="XROrigin3D/RightHand/RightPhysicsHand/Hand_Nails_low_R/Armature/Skeleton3D" index="15"]
transform = Transform3D(0.772579, -0.634603, -0.0200164, -0.0794846, -0.127948, 0.98859, -0.629924, -0.762173, -0.149291, -0.000778396, -0.0314858, -0.111722)

[node name="BoneRingDistal" parent="XROrigin3D/RightHand/RightPhysicsHand/Hand_Nails_low_R/Armature/Skeleton3D" index="16"]
transform = Transform3D(0.381387, -0.924068, -0.025339, -0.114105, -0.07426, 0.990689, -0.917346, -0.374945, -0.133763, -0.0184188, -0.0350424, -0.132908)

[node name="BonePinkyMetacarpal" parent="XROrigin3D/RightHand/RightPhysicsHand/Hand_Nails_low_R/Armature/Skeleton3D" index="17"]
transform = Transform3D(0.998969, -0.0165318, -0.0422887, 0.0385953, -0.181427, 0.982647, -0.0239172, -0.983265, -0.180602, 4.58211e-07, -0.0299734, 3.59379e-05)

[node name="BonePinkyProximal" parent="XROrigin3D/RightHand/RightPhysicsHand/Hand_Nails_low_R/Armature/Skeleton3D" index="18"]
transform = Transform3D(0.969212, -0.239304, -0.0579745, -0.0185536, -0.305761, 0.951927, -0.245527, -0.921544, -0.300787, -0.00108587, -0.0418952, -0.0645756)

